store	weekdate	temperature	fuelprice	cpi	unemploymentrate
4	2010-07-02	73.660004	2.668	126.1392	7.3720002
8	2012-02-03	45.560001	3.3599999	223.7079	5.8249998
9	2012-04-06	68.830002	3.891	225.18205	5.539
16	2010-05-07	37.43	2.7709999	189.53125	6.842
17	2012-08-03	72.940002	3.5120001	130.73787	5.9359999
28	2011-03-04	51.720001	3.674	128.26476	14.021
30	2011-09-23	75.68	3.467	216.02823	7.8520002
41	2010-10-01	62.669998	2.7590001	190.67383	7.5079999
42	2011-09-30	82.269997	3.8770001	129.60606	8.257
43	2012-04-20	67.279999	3.8770001	213.01305	9.5749998